4294967278,13
4294967278,12
4294967278,11
4294967278,10
4294967278,9
4294967278,25
4294967278,24
4294967278,23
4294967278,22
4294967278,21
4294967278,20
4294967278,19
4294967278,18
4294967278,17
4294967278,16
4294967278,15
4294967278,14
4294967279,389
4294967278,322
4294967278,163
4294967279,388
4294967294,907
4294967294,186
4294967294,926
4294967294,954
4294967294,925
4294967278,162
4294967294,419
4294967294,955
4294967294,392
4294967294,441
4294967294,389
4294967294,114
4294967294,120
4294967294,115
4294967294,40
4294967294,38
4294967294,36
4294967278,36
4294967278,35
4294967278,34
4294967278,33
4294967278,32
4294967278,31
4294967278,30
4294967278,29
4294967278,28
4294967278,27
4294967278,26
4294967279,25
4294967279,24
4294967279,22
4294967279,21
4294967279,19
4294967279,17
4294967279,16
4294967279,15
4294967279,11
4294967279,387
18,111
18,110
4294967278,160
18,109
18,108
18,107
18,106
18,105
4294967278,159
18,104
18,103
18,102
18,101
18,100
4294967278,158
18,99
18,98
18,97
18,96
18,95
4294967278,157
18,94
18,93
18,92
18,91
18,90
4294967278,156
18,89
18,88
18,87
18,86
18,85
4294967278,155
18,84
18,83
18,82
18,81
18,80
4294967278,154
18,79
18,78
18,77
18,76
18,75
4294967278,153
18,74
18,73
18,72
18,71
18,70
4294967278,152
18,69
18,68
18,67
18,66
18,65
18,0
4294967278,151
18,64
18,36
18,35
18,34
18,33
18,32
18,31
18,30
18,29
18,28
18,27
18,26
18,25
18,24
18,23
18,22
18,21
18,20
18,19
18,18
18,17
18,16
18,15
18,14
18,13
18,12
18,11
18,10
18,9
18,8
18,7
18,6
4294967279,386
4294967279,0
18,5
4294967294,41
4294967294,43
18,4
18,3
18,2
18,1
0,7
4294967294,44
4294967294,45
4294967294,53
4294967294,52
4294967294,51
4294967294,413
4294967294,919
4294967294,905
4294967294,438
4294967294,173
4294967294,162
4294967294,161
4294967294,1
4294967294,957
4294967294,971
4294967294,107
4294967294,91
4294967294,88
4294967294,87
4294967294,85
4294967294,84
4294967294,96
4294967294,94
4294967278,321
4294967294,8
4294967278,320
4294967278,260
4294967278,0
4294967294,911
4294967294,9
4294967294,0
4294967294,90
4294967294,86
4294967294,958
4294967294,29
4294967294,924
4294967294,28
4294967294,27
4294967294,393
4294967294,2
4294967294,37
4294967294,14
4294967294,20
4294967294,968
4294967294,967
4294967294,922
4294967294,920
4294967294,916
4294967279,136
4294967294,46
4294967279,274
4294967279,272
4294967294,426
4294967294,50
4294967294,180
4294967294,184
4294967294,183
4294967294,176
4294967294,422
4294967294,18
4294967294,93
4294967294,95
4294967294,30
4294967294,948
4294967294,947
4294967294,945
4294967294,944
4294967294,939
4294967294,928
4294967294,902
4294967294,900
4294967294,899
4294967294,898
4294967294,897
4294967294,60
4294967294,92
4294967294,182
4294967294,10
4294967294,966
4294967294,965
4294967294,964
4294967294,963
4294967294,962
4294967294,961
4294967294,960
4294967294,923
4294967294,921
4294967294,918
4294967294,915
4294967294,914
4294967294,913
4294967294,912
4294967294,909
4294967294,908
4294967294,906
4294967294,401
4294967294,190
4294967294,185
4294967294,170
4294967294,163
4294967294,12
4294967294,39
4294967294,394
4294967294,17
4294967294,42
4294967294,99
4294967294,76
4294967294,417
4294967294,471
4294967294,956
4294967294,22
4294967294,126
4294967294,127
4294967294,13
4294967294,166
4294967294,24
4294967294,164
4294967294,160
4294967294,25
4294967294,168
4294967294,26
4294967279,265
4294967279,264
4294967279,263
4294967279,262
4294967279,284
4294967294,7
4294967279,259
4294967294,67
4294967294,81
4294967294,82
4294967294,83
4294967294,11
4294967294,68
4294967278,131
4294967278,130
4294967278,129
4294967278,128
4294967278,127
4294967278,126
4294967278,125
4294967278,124
4294967278,123
4294967278,122
4294967278,251
4294967278,121
4294967278,120
4294967278,119
4294967278,118
4294967278,243
4294967278,117
4294967278,116
4294967278,115
4294967278,114
4294967278,113
4294967278,235
4294967278,112
4294967278,111
4294967278,231
4294967278,110
4294967278,109
4294967278,108
4294967278,107
4294967278,106
4294967278,105
4294967278,219
4294967278,104
4294967278,217
4294967278,103
4294967278,215
4294967278,102
4294967278,101
4294967278,100
4294967278,99
4294967278,98
4294967278,97
4294967278,96
4294967278,95
4294967278,94
4294967278,93
4294967278,92
4294967278,91
4294967278,90
4294967278,89
4294967278,87
4294967278,86
4294967278,85
4294967278,84
4294967278,83
4294967278,82
4294967278,81
4294967278,80
4294967278,79
4294967278,78
4294967278,77
4294967278,76
4294967278,75
4294967278,74
4294967278,73
